145
204
276
246
77
262
219
5
56
169
33
188
28
259
239
31
240
186
10
271
64
201
235
261
200
180
89
18
160
177
303
238
130
22
128
196
287
212
157
214
147
140
175
107
150
92
232
131
300
72
105
171
24
296
32
272
274
118
110
249
189
173
183
149
255
198
134
119
63
270
95
153
36
281
117
283
182
135
289
251
37
2
16
13
90
50
263
108
260
288
74
4
267
102
51
39
227
224
73
96
233
298
152
112
220
109
133
65
211
80
158
154
55
40
166
41
197
184
279
286
242
258
253
284
11
136
86
81
76
162
79
250
84
8
66
14
216
195
91
245
98
174
20
85
99
228
269
7
252
165
122
42
123
104
221
254
34
19
266
45
222
3
15
93
273
52
68
142
215
35
61
223
257
244
71
48
218
282
57
213
248
148
202
193
141
231
229
167
21
185
293
23
111
278
264
256
225
97
234
241
62
290
172
25
87
26
58
69
78
144
103
302
